1
1
5
2
2
2
2
2
2
2
3
3
3
3
0
0
0
0
0
0
0
4
4
4
4
6
6
6
6
6
6
6
6
1
1
1
1
1
1
5
5
2
2
2
2
2
2
2
3
3
3
3
0
0
0
0
0
0
0
0
4
4
6
6
6
6
6
6
6
6
6
6
1
1
1
1
1
5
5
2
2
2
2
2
2
3
3
3
0
0
0
0
0
0
0
0
0
4
4
4
4
4
4
6
6
6
6
6
6
6
6
6
1
1
1
1
1
1
5
5
2
2
2
2
2
2
2
3
0
0
0
0
0
0
0
0
4
4
6
6
6
6
6
6
6
6
6
1
1
1
1
5
5
2
2
2
2
2
2
2
2
2
3
3
0
0
0
0
0
4
6
6
6
6
6
6
6
1
1
1
1
5
5
2
2
2
2
2
2
3
3
3
3
0
0
0
0
0
0
0
4
4
4
4
6
6
6
6
6
6
6
6
6
6
1
1
1
1
1
1
1
5
5
2
2
2
2
3
0
0
0
0
0
4
4
6
6
6
6
6
6
6
6
1
1
1
1
1
5
2
2
2
2
3
3
0
0
0
0
0
4
4
4
4
6
6
6
6
6
6
6
6
1
1
1
1
5
5
2
2
2
2
2
2
3
3
3
3
0
0
0
0
0
0
0
0
4
6
6
6
6
6
6
6
6
1
1
5
5
2
2
2
0
0
0
0
0
0
0
4
4
6
6
6
6
6
6
